title,brand,price,$/gb,currency,condition,link,source,itemGroupType,chipset,vram_gb
Gigabyte AORUS GeForce RTX 3090 Xtreme Waterforce 24GB GDDR6X Graphics Card AIO,NVIDIA,1040.00,43.333333333333336,USD,Used,https://www.ebay.com/itm/357837205451?campid=5339111681,Ebay,,RTX 3090,24
GIGABYTE Gaming GeForce RTX 5060 8GB GDDR7 PCI Express 5.0 Graphics Card GV-N506,NVIDIA,329.99,41.24875,USD,New,https://www.ebay.com/itm/306313286502?campid=5339111681,Ebay,,RTX 5060,8
NVIDIA GeForce RTX 5070 12GB Founders Edition Graphics Card - BRAND NEW & SEALED,NVIDIA,629.99,52.49916666666667,USD,New,https://www.ebay.com/itm/357180566616?campid=5339111681,Ebay,,RTX 5070,12
NVIDIA GeForce RTX 5070 12GB Founders Edition Graphics Card - IN HAND- SHIPS NOW,NVIDIA,699.99,58.3325,USD,New,https://www.ebay.com/itm/306528742315?campid=5339111681,Ebay,,RTX 5070,12
NVIDIA GeForce RTX 3080 Ti Founders Edition 12GB GDDR6X Graphics Card,NVIDIA,774.00,64.5,USD,Open box,https://www.ebay.com/itm/317236012188?campid=5339111681,Ebay,,RTX 3080 Ti,12
ASUS Video Card Dual GeForce RTX 4060 Ti White OC Edition 8GB GDDR6,NVIDIA,700.00,87.5,USD,New,https://www.ebay.com/itm/156903555940?campid=5339111681,Ebay,,RTX 4060 Ti,8
PALIT GeForce RTX 3050 StormX 6GB Graphics Card NE63050018JE-1070F Fast Ship,NVIDIA,339.48,56.580000000000005,USD,New,https://www.ebay.com/itm/205192905059?campid=5339111681,Ebay,,RTX 3050,6
Palit GeForce RTX 3060 Dual 12GB GDDR6,NVIDIA,320.00,26.666666666666668,USD,Used,https://www.ebay.com/itm/236124421894?campid=5339111681,Ebay,,RTX 3060,12
PALIT GeForce RTX 3050 StormX 6GB Graphics Card NE63050018JE-1070F,NVIDIA,245.00,40.833333333333336,USD,Used,https://www.ebay.com/itm/236056822431?campid=5339111681,Ebay,,RTX 3050,6
"GIGABYTE GeForce RTX 5060 GAMING OC 8G Graphics Card - 8GB GDDR7, 128bit, PCI-E ",NVIDIA,472.70,59.0875,USD,New,https://www.ebay.com/itm/197347780096?campid=5339111681,Ebay,,RTX 5060,8
Palit Nvidia Geforce RTX 3050 6GB StormX Gaming Editing Video Card,NVIDIA,308.42,51.403333333333336,USD,New,https://www.ebay.com/itm/277296963539?campid=5339111681,Ebay,,RTX 3050,6
PALIT GeForce RTX 3050 StormX 6GB Graphics Card NE63050018JE-1070F,NVIDIA,339.97,56.66166666666667,USD,New,https://www.ebay.com/itm/387822388978?campid=5339111681,Ebay,,RTX 3050,6
Palit GeForce RTX 3050 StormX 6GB Graphics card GF RTX NE63050018JE-1070F,NVIDIA,328.99,54.83166666666667,USD,New,https://www.ebay.com/itm/406236724696?campid=5339111681,Ebay,,RTX 3050,6
Palit Nvidia GeForce RTX 3050 6GB StormX Video Card Gaming Editing,NVIDIA,310.43,51.73833333333334,USD,New,https://www.ebay.com/itm/326823370624?campid=5339111681,Ebay,,RTX 3050,6
GIGABYTE AORUS GeForce RTX 3080 Ti XTREME WATERFORCE 12GB GDDR6X Graphics Card,NVIDIA,2200.00,183.33333333333334,USD,New,https://www.ebay.com/itm/373824021752?campid=5339111681,Ebay,,RTX 3080 Ti,12
NVIDIA GeForce RTX 5070 12GB Founders Edition Graphics Card - IN HAND- SHIPS NOW,NVIDIA,679.99,56.66583333333333,USD,New,https://www.ebay.com/itm/326631796938?campid=5339111681,Ebay,,RTX 5070,12
NVIDIA GeForce RTX 5070 12GB Founders Edition Graphics Card - IN HAND- SHIPS NOW,NVIDIA,679.99,56.66583333333333,USD,New,https://www.ebay.com/itm/326631796938?campid=5339111681,Ebay,,RTX 5070,12
NVIDIA GeForce RTX 5070 12GB Founders Edition Graphics Card - IN HAND- SHIPS NOW,NVIDIA,679.99,56.66583333333333,USD,New,https://www.ebay.com/itm/326631796938?campid=5339111681,Ebay,,RTX 5070,12
NVIDIA GeForce RTX 5070 12GB Founders Edition Graphics Card - IN HAND- SHIPS NOW,NVIDIA,679.99,56.66583333333333,USD,New,https://www.ebay.com/itm/326631796938?campid=5339111681,Ebay,,RTX 5070,12
NVIDIA GeForce RTX 5070 12GB Founders Edition Graphics Card - IN HAND- SHIPS NOW,NVIDIA,679.99,56.66583333333333,USD,New,https://www.ebay.com/itm/326631796938?campid=5339111681,Ebay,,RTX 5070,12
NVIDIA GeForce RTX 5070 12GB Founders Edition Graphics Card - IN HAND- SHIPS NOW,NVIDIA,679.99,56.66583333333333,USD,New,https://www.ebay.com/itm/326631796938?campid=5339111681,Ebay,,RTX 5070,12
NVIDIA GeForce RTX 5070 12GB Founders Edition Graphics Card - IN HAND- SHIPS NOW,NVIDIA,679.99,56.66583333333333,USD,New,https://www.ebay.com/itm/326631796938?campid=5339111681,Ebay,,RTX 5070,12
NVIDIA GeForce RTX 5070 12GB Founders Edition Graphics Card - IN HAND- SHIPS NOW,NVIDIA,679.99,56.66583333333333,USD,New,https://www.ebay.com/itm/326631796938?campid=5339111681,Ebay,,RTX 5070,12
NVIDIA GeForce RTX 5070 12GB Founders Edition Graphics Card - IN HAND- SHIPS NOW,NVIDIA,679.99,56.66583333333333,USD,New,https://www.ebay.com/itm/326631796938?campid=5339111681,Ebay,,RTX 5070,12
NVIDIA GeForce RTX 5070 12GB Founders Edition Graphics Card - IN HAND- SHIPS NOW,NVIDIA,679.99,56.66583333333333,USD,New,https://www.ebay.com/itm/326631796938?campid=5339111681,Ebay,,RTX 5070,12
GIGABYTE AORUS GeForce RTX 3080 Ti XTREME WATERFORCE 12GB GDDR6X Graphics Card,NVIDIA,2200.00,183.33333333333334,USD,New,https://www.ebay.com/itm/373824021752?campid=5339111681,Ebay,,RTX 3080 Ti,12
NVIDIA GeForce RTX 5070 12GB Founders Edition Graphics Card - IN HAND- SHIPS NOW,NVIDIA,679.99,56.66583333333333,USD,New,https://www.ebay.com/itm/326631796938?campid=5339111681,Ebay,,RTX 5070,12
NVIDIA GeForce RTX 5070 12GB Founders Edition Graphics Card - IN HAND- SHIPS NOW,NVIDIA,679.99,56.66583333333333,USD,New,https://www.ebay.com/itm/326631796938?campid=5339111681,Ebay,,RTX 5070,12
NVIDIA GeForce RTX 5070 12GB Founders Edition Graphics Card - IN HAND- SHIPS NOW,NVIDIA,679.99,56.66583333333333,USD,New,https://www.ebay.com/itm/326631796938?campid=5339111681,Ebay,,RTX 5070,12
NVIDIA GeForce RTX 5070 12GB Founders Edition Graphics Card - IN HAND- SHIPS NOW,NVIDIA,679.99,56.66583333333333,USD,New,https://www.ebay.com/itm/326631796938?campid=5339111681,Ebay,,RTX 5070,12
NVIDIA GeForce RTX 5070 12GB Founders Edition Graphics Card - IN HAND- SHIPS NOW,NVIDIA,679.99,56.66583333333333,USD,New,https://www.ebay.com/itm/326631796938?campid=5339111681,Ebay,,RTX 5070,12
NVIDIA GeForce RTX 5070 12GB Founders Edition Graphics Card - IN HAND- SHIPS NOW,NVIDIA,679.99,56.66583333333333,USD,New,https://www.ebay.com/itm/326631796938?campid=5339111681,Ebay,,RTX 5070,12
NVIDIA GeForce RTX 5070 12GB Founders Edition Graphics Card - IN HAND- SHIPS NOW,NVIDIA,679.99,56.66583333333333,USD,New,https://www.ebay.com/itm/326631796938?campid=5339111681,Ebay,,RTX 5070,12
NVIDIA GeForce RTX 5070 12GB Founders Edition Graphics Card - IN HAND- SHIPS NOW,NVIDIA,679.99,56.66583333333333,USD,New,https://www.ebay.com/itm/326631796938?campid=5339111681,Ebay,,RTX 5070,12
NVIDIA GeForce RTX 5070 12GB Founders Edition Graphics Card - IN HAND- SHIPS NOW,NVIDIA,679.99,56.66583333333333,USD,New,https://www.ebay.com/itm/326631796938?campid=5339111681,Ebay,,RTX 5070,12
RTX 3080 10gb pulled from HP Omen 30L,NVIDIA,350.00,35.0,USD,Used,https://www.ebay.com/itm/157352981453?campid=5339111681,Ebay,,RTX 3080,10
ZOTAC Gaming GeForce RTX 5090 ARCTICSTORM AIO  32GB DDR7  DLSS 4 ARGB lighting.,NVIDIA,3599.00,112.46875,USD,New,https://www.ebay.com/itm/227053073079?campid=5339111681,Ebay,,RTX 5090,32
Zotac GeForce RTX 4070 Twin Edge OC 12GB GDDR6X Graphics Card 9288-2N714-30Z8,NVIDIA,429.99,35.8325,USD,Used,https://www.ebay.com/itm/197792000088?campid=5339111681,Ebay,,RTX 4070,12
NVIDIA GeForce RTX 3060 Ti (NON-LHR) 8GB GDDR 6 Graphics Card - HP OMEN GPU,NVIDIA,315.00,39.375,USD,Used,https://www.ebay.com/itm/167337680440?campid=5339111681,Ebay,,RTX 3060 Ti,8
ASUS ProArt -RTX5080-O16G NVIDIA GeForce RTX 5080 16 GB GDDR7,NVIDIA,2278.60,142.4125,USD,New,https://www.ebay.com/itm/197758287468?campid=5339111681,Ebay,,RTX 5080,16
ZOTAC ARCTICSTORM AIO Liquid Cooling GeForce RTX 5090 32GB GDDR7 PCI Express 5.0,NVIDIA,3495.00,109.21875,USD,Used,https://www.ebay.com/itm/406330598288?campid=5339111681,Ebay,,RTX 5090,32
"Rtx 3090  24GB pull out HP OMAN 30L, never used. ",NVIDIA,3129.00,130.375,USD,Open box,https://www.ebay.com/itm/234304708199?campid=5339111681,Ebay,,Rtx 3090,24
GALAX GeForce RTX 5080 BLACK OC D7 16GB Gaming Graphics Card,NVIDIA,2055.47,128.466875,USD,New,https://www.ebay.com/itm/226653683475?campid=5339111681,Ebay,,RTX 5080,16
WINDFORCE Geforce RTX 3050 6GB GDDR6 PCI Express 4.0 X8 ATX Graphics Card GV-N30,NVIDIA,258.44,43.07333333333333,USD,New,https://www.ebay.com/itm/177218797772?campid=5339111681,Ebay,,RTX 3050,6
PALIT GeForce RTX 5070 GamePro 12GB NE75070019K9-GB2050A GDDR7 30Gbps [NEW],NVIDIA,1044.98,87.08166666666666,USD,New,https://www.ebay.com/itm/205409765735?campid=5339111681,Ebay,,RTX 5070,12
Zotac GAMING GeForce RTX 5090 ARCTICSTORM AIO NVIDIA 32 GB GDDR7,NVIDIA,4249.80,132.80625,USD,New,https://www.ebay.com/itm/197769558903?campid=5339111681,Ebay,,RTX 5090,32
MANLI GeForce RTX 5080 Gallardo OC D7 16GB Gaming Graphics Card,NVIDIA,1975.00,123.4375,USD,New,https://www.ebay.com/itm/236019036399?campid=5339111681,Ebay,,RTX 5080,16
COLORFUL iGame GeForce RTX 5080 ULTRA OC White D7 16GB Gaming Graphics Card,NVIDIA,1958.00,122.375,USD,New,https://www.ebay.com/itm/267198959798?campid=5339111681,Ebay,,RTX 5080 ULTRA,16
ASUS TUF Gaming GeForce RTX 5080 OC Edition 16GB GDDR7- BRAND NEW,NVIDIA,1641.68,102.605,USD,New,https://www.ebay.com/itm/267243044681?campid=5339111681,Ebay,,RTX 5080,16
PALIT GeForce RTX 5080 GamePro 16GB NE75080019T2-GB2031A GDDR7 30 Gbps [NEW],NVIDIA,1974.48,123.405,USD,New,https://www.ebay.com/itm/205406090563?campid=5339111681,Ebay,,RTX 5080,16
ZOTAC GAMING NVIDIA GeForce RTX 5080 AMP EXTREME INFINITY D7 16GB Graphics Card,NVIDIA,1951.00,121.9375,USD,New,https://www.ebay.com/itm/335857429202?campid=5339111681,Ebay,,RTX 5080,16
ZOTAC GAMING NVIDIA GeForce RTX 5080 SOLID OC D7 16GB Graphics Card,NVIDIA,1848.00,115.5,USD,New,https://www.ebay.com/itm/236000266653?campid=5339111681,Ebay,,RTX 5080,16
INNO3D GeForce RTX 5080 OC D7 16GB X3 Gaming Graphics Card,NVIDIA,2052.30,128.26875,USD,New,https://www.ebay.com/itm/226654988071?campid=5339111681,Ebay,,RTX 5080,16
INNO3D GeForce RTX 5080 D7 16GB X3 Gaming Graphics Card,NVIDIA,1996.13,124.758125,USD,New,https://www.ebay.com/itm/335869116749?campid=5339111681,Ebay,,RTX 5080,16
INNO3D GeForce RTX 5080 OC D7 16GB X3 WHITE Gaming Graphics Card,NVIDIA,2052.30,128.26875,USD,New,https://www.ebay.com/itm/226653827842?campid=5339111681,Ebay,,RTX 5080,16
PALIT GeForce RTX 5070 GamePro 12GB NE75070019K9-GB2050A GDDR7 30Gbps NEW,NVIDIA,1044.99,87.0825,USD,New,https://www.ebay.com/itm/388271910084?campid=5339111681,Ebay,,RTX 5070,12
INNO3D GeForce RTX 5080 OC D7 16GB X3 WHITE / Gaming Graphics Card / Express,NVIDIA,1990.41,124.400625,USD,New,https://www.ebay.com/itm/357606346763?campid=5339111681,Ebay,,RTX 5080,16
INNO3D GeForce RTX 5080 OC D7 16GB X3 / Gaming Graphics Card / Express.,NVIDIA,1990.41,124.400625,USD,New,https://www.ebay.com/itm/357606344015?campid=5339111681,Ebay,,RTX 5080,16
INNO3D GeForce RTX 5080 D7 16GB X3 OC Gaming Graphics Card,NVIDIA,1969.00,123.0625,USD,New,https://www.ebay.com/itm/236019058672?campid=5339111681,Ebay,,RTX 5080,16
INNO3D GeForce RTX 5070 Ti OC D7 16GB X3 WHITE Gaming Graphics Card,NVIDIA,1361.62,85.10125,USD,New,https://www.ebay.com/itm/326511622239?campid=5339111681,Ebay,,RTX 5070 Ti,16
INNO3D GeForce RTX 5080 OC D7 16GB X3 WHITE Gaming Graphics Card,NVIDIA,1991.90,124.49375,USD,New,https://www.ebay.com/itm/267207612408?campid=5339111681,Ebay,,RTX 5080,16
emTek GeForce RTX 5080 MIRACLE WHITE D7 16GB Graphics Card Gaming,NVIDIA,2784.04,174.0025,USD,New,https://www.ebay.com/itm/256821897613?campid=5339111681,Ebay,,RTX 5080,16
INNO3D GeForce RTX 5080 D7 16GB X3 Gaming Graphics Card,NVIDIA,1915.00,119.6875,USD,New,https://www.ebay.com/itm/267198962730?campid=5339111681,Ebay,,RTX 5080,16
GALAX GeForce RTX 5080 BLACK OC D7 16GB / Gaming Graphics Card / Express,NVIDIA,2027.90,126.74375,USD,New,https://www.ebay.com/itm/357606355963?campid=5339111681,Ebay,,RTX 5080,16
emTek GeForce RTX 5080 MIRACLE WHITE D7 16GB Graphics Card Gaming,NVIDIA,2668.00,166.75,USD,New,https://www.ebay.com/itm/235963336704?campid=5339111681,Ebay,,RTX 5080,16
GALAX GALAZ GeForce RTX 5080 WHITE OC D7 16GB Gaming Graphics Card,NVIDIA,2380.98,148.81125,USD,New,https://www.ebay.com/itm/335881916814?campid=5339111681,Ebay,,RTX 5080,16
GALAX GALAZ GeForce RTX 5080 WHITE OC D7 16GB / Gaming Graphics Card / Express,NVIDIA,2381.01,148.813125,USD,New,https://www.ebay.com/itm/357597463675?campid=5339111681,Ebay,,RTX 5080,16
GIGABYTE NVIDIA GeForce RTX 5080 AERO OC SFF D7 16GB Gaming Graphics Card,NVIDIA,2772.00,173.25,USD,New,https://www.ebay.com/itm/235963314524?campid=5339111681,Ebay,,RTX 5080,16
INNO3D GeForce RTX 5070 Ti OC D7 16GB X3 WHITE / Gaming Graphics Card / Express,NVIDIA,1360.73,85.045625,USD,New,https://www.ebay.com/itm/357592284816?campid=5339111681,Ebay,,RTX 5070 Ti,16
GIGABYTE NVIDIA GeForce RTX 5080 AERO OC SFF D7 16GB Gaming Graphics Card,NVIDIA,2891.19,180.699375,USD,New,https://www.ebay.com/itm/256821894966?campid=5339111681,Ebay,,RTX 5080,16
PALIT GeForce RTX 5080 GamePro 16GB NE75080019T2-GB2031A GDDR7 30 Gbps NEW,NVIDIA,1974.97,123.435625,USD,New,https://www.ebay.com/itm/187147772007?campid=5339111681,Ebay,,RTX 5080,16
ASUS TUF Gaming TUF-RTX5080-O16G-GAMING NVIDIA GeForce RTX 5080 16 GB GDDR7,NVIDIA,2108.50,131.78125,USD,New,https://www.ebay.com/itm/197758087706?campid=5339111681,Ebay,,RTX 5080,16
ASUS ProArt -RTX5080-O16G NVIDIA GeForce RTX 5080 16 GB GDDR7,NVIDIA,2278.60,142.4125,USD,New,https://www.ebay.com/itm/197758287486?campid=5339111681,Ebay,,RTX 5080,16
ASUS TUF Gaming TUF-RTX5080-O16G-GAMING NVIDIA GeForce RTX 5080 16 GB GDDR7,NVIDIA,1882.25,117.640625,USD,New,https://www.ebay.com/itm/336013617255?campid=5339111681,Ebay,,RTX 5080,16
emTek GeForce RTX 5080 MIRACLE WHITE D7 16GB Graphics Card Gaming,NVIDIA,2668.00,166.75,USD,New,https://www.ebay.com/itm/235963336704?campid=5339111681,Ebay,,RTX 5080,16
GIGABYTE NVIDIA GeForce RTX 5080 AERO OC SFF D7 16GB Gaming Graphics Card,NVIDIA,2772.00,173.25,USD,New,https://www.ebay.com/itm/235963314524?campid=5339111681,Ebay,,RTX 5080,16
GALAX GALAZ GeForce RTX 5080 WHITE OC D7 16GB Gaming Graphics Card,NVIDIA,2380.98,148.81125,USD,New,https://www.ebay.com/itm/335881916814?campid=5339111681,Ebay,,RTX 5080,16
GALAX GALAZ GeForce RTX 5080 WHITE OC D7 16GB / Gaming Graphics Card / Express,NVIDIA,2381.01,148.813125,USD,New,https://www.ebay.com/itm/357597463675?campid=5339111681,Ebay,,RTX 5080,16
INNO3D GeForce RTX 5070 Ti OC D7 16GB X3 WHITE / Gaming Graphics Card / Express,NVIDIA,1360.73,85.045625,USD,New,https://www.ebay.com/itm/357592284816?campid=5339111681,Ebay,,RTX 5070 Ti,16
GIGABYTE NVIDIA GeForce RTX 5080 AERO OC SFF D7 16GB Gaming Graphics Card,NVIDIA,2891.19,180.699375,USD,New,https://www.ebay.com/itm/256821894966?campid=5339111681,Ebay,,RTX 5080,16
ASUS TUF Gaming TUF-RTX5080-O16G-GAMING NVIDIA GeForce RTX 5080 16 GB GDDR7,NVIDIA,2108.50,131.78125,USD,New,https://www.ebay.com/itm/197758087706?campid=5339111681,Ebay,,RTX 5080,16
PALIT GeForce RTX 5080 GamePro 16GB NE75080019T2-GB2031A GDDR7 30 Gbps NEW,NVIDIA,1974.97,123.435625,USD,New,https://www.ebay.com/itm/187147772007?campid=5339111681,Ebay,,RTX 5080,16
ASUS ProArt -RTX5080-O16G NVIDIA GeForce RTX 5080 16 GB GDDR7,NVIDIA,2278.60,142.4125,USD,New,https://www.ebay.com/itm/197758287486?campid=5339111681,Ebay,,RTX 5080,16
ASUS TUF Gaming TUF-RTX5080-O16G-GAMING NVIDIA GeForce RTX 5080 16 GB GDDR7,NVIDIA,1882.25,117.640625,USD,New,https://www.ebay.com/itm/336013617255?campid=5339111681,Ebay,,RTX 5080,16
GALAX GeForce RTX 5080 BLACK OC D7 16GB / Gaming Graphics Card / Express,NVIDIA,2027.90,126.74375,USD,New,https://www.ebay.com/itm/357606355963?campid=5339111681,Ebay,,RTX 5080,16
emTek GeForce RTX 5080 MIRACLE WHITE D7 16GB Graphics Card Gaming,NVIDIA,2668.00,166.75,USD,New,https://www.ebay.com/itm/235963336704?campid=5339111681,Ebay,,RTX 5080,16
GALAX GALAZ GeForce RTX 5080 WHITE OC D7 16GB / Gaming Graphics Card / Express,NVIDIA,2381.01,148.813125,USD,New,https://www.ebay.com/itm/357597463675?campid=5339111681,Ebay,,RTX 5080,16
GIGABYTE NVIDIA GeForce RTX 5080 AERO OC SFF D7 16GB Gaming Graphics Card,NVIDIA,2772.00,173.25,USD,New,https://www.ebay.com/itm/235963314524?campid=5339111681,Ebay,,RTX 5080,16
INNO3D GeForce RTX 5070 Ti OC D7 16GB X3 WHITE / Gaming Graphics Card / Express,NVIDIA,1360.73,85.045625,USD,New,https://www.ebay.com/itm/357592284816?campid=5339111681,Ebay,,RTX 5070 Ti,16
GIGABYTE NVIDIA GeForce RTX 5080 AERO OC SFF D7 16GB Gaming Graphics Card,NVIDIA,2891.19,180.699375,USD,New,https://www.ebay.com/itm/256821894966?campid=5339111681,Ebay,,RTX 5080,16
ASUS TUF Gaming TUF-RTX5080-O16G-GAMING NVIDIA GeForce RTX 5080 16 GB GDDR7,NVIDIA,2108.50,131.78125,USD,New,https://www.ebay.com/itm/197758087706?campid=5339111681,Ebay,,RTX 5080,16
PALIT GeForce RTX 5080 GamePro 16GB NE75080019T2-GB2031A GDDR7 30 Gbps NEW,NVIDIA,1974.97,123.435625,USD,New,https://www.ebay.com/itm/187147772007?campid=5339111681,Ebay,,RTX 5080,16
ASUS ProArt -RTX5080-O16G NVIDIA GeForce RTX 5080 16 GB GDDR7,NVIDIA,2278.60,142.4125,USD,New,https://www.ebay.com/itm/197758287486?campid=5339111681,Ebay,,RTX 5080,16
ASUS TUF Gaming TUF-RTX5080-O16G-GAMING NVIDIA GeForce RTX 5080 16 GB GDDR7,NVIDIA,1882.25,117.640625,USD,New,https://www.ebay.com/itm/336013617255?campid=5339111681,Ebay,,RTX 5080,16
emTek GeForce RTX 5080 MIRACLE WHITE D7 16GB Graphics Card Gaming,NVIDIA,2668.00,166.75,USD,New,https://www.ebay.com/itm/235963336704?campid=5339111681,Ebay,,RTX 5080,16
GIGABYTE NVIDIA GeForce RTX 5080 AERO OC SFF D7 16GB Gaming Graphics Card,NVIDIA,2772.00,173.25,USD,New,https://www.ebay.com/itm/235963314524?campid=5339111681,Ebay,,RTX 5080,16
GALAX GALAZ GeForce RTX 5080 WHITE OC D7 16GB Gaming Graphics Card,NVIDIA,2380.98,148.81125,USD,New,https://www.ebay.com/itm/335881916814?campid=5339111681,Ebay,,RTX 5080,16
GALAX GALAZ GeForce RTX 5080 WHITE OC D7 16GB / Gaming Graphics Card / Express,NVIDIA,2381.01,148.813125,USD,New,https://www.ebay.com/itm/357597463675?campid=5339111681,Ebay,,RTX 5080,16
INNO3D GeForce RTX 5070 Ti OC D7 16GB X3 WHITE / Gaming Graphics Card / Express,NVIDIA,1360.73,85.045625,USD,New,https://www.ebay.com/itm/357592284816?campid=5339111681,Ebay,,RTX 5070 Ti,16
GIGABYTE NVIDIA GeForce RTX 5080 AERO OC SFF D7 16GB Gaming Graphics Card,NVIDIA,2891.19,180.699375,USD,New,https://www.ebay.com/itm/256821894966?campid=5339111681,Ebay,,RTX 5080,16
ASUS TUF Gaming TUF-RTX5080-O16G-GAMING NVIDIA GeForce RTX 5080 16 GB GDDR7,NVIDIA,2108.50,131.78125,USD,New,https://www.ebay.com/itm/197758087706?campid=5339111681,Ebay,,RTX 5080,16
PALIT GeForce RTX 5080 GamePro 16GB NE75080019T2-GB2031A GDDR7 30 Gbps NEW,NVIDIA,1974.97,123.435625,USD,New,https://www.ebay.com/itm/187147772007?campid=5339111681,Ebay,,RTX 5080,16
ASUS ProArt -RTX5080-O16G NVIDIA GeForce RTX 5080 16 GB GDDR7,NVIDIA,2278.60,142.4125,USD,New,https://www.ebay.com/itm/197758287486?campid=5339111681,Ebay,,RTX 5080,16
ASUS TUF Gaming TUF-RTX5080-O16G-GAMING NVIDIA GeForce RTX 5080 16 GB GDDR7,NVIDIA,1882.25,117.640625,USD,New,https://www.ebay.com/itm/336013617255?campid=5339111681,Ebay,,RTX 5080,16
emTek GeForce RTX 5080 MIRACLE WHITE D7 16GB Graphics Card Gaming,NVIDIA,2668.00,166.75,USD,New,https://www.ebay.com/itm/235963336704?campid=5339111681,Ebay,,RTX 5080,16
GIGABYTE NVIDIA GeForce RTX 5080 AERO OC SFF D7 16GB Gaming Graphics Card,NVIDIA,2772.00,173.25,USD,New,https://www.ebay.com/itm/235963314524?campid=5339111681,Ebay,,RTX 5080,16
GALAX GALAZ GeForce RTX 5080 WHITE OC D7 16GB Gaming Graphics Card,NVIDIA,2380.98,148.81125,USD,New,https://www.ebay.com/itm/335881916814?campid=5339111681,Ebay,,RTX 5080,16
GALAX GALAZ GeForce RTX 5080 WHITE OC D7 16GB / Gaming Graphics Card / Express,NVIDIA,2381.01,148.813125,USD,New,https://www.ebay.com/itm/357597463675?campid=5339111681,Ebay,,RTX 5080,16
INNO3D GeForce RTX 5070 Ti OC D7 16GB X3 WHITE / Gaming Graphics Card / Express,NVIDIA,1360.73,85.045625,USD,New,https://www.ebay.com/itm/357592284816?campid=5339111681,Ebay,,RTX 5070 Ti,16
GIGABYTE NVIDIA GeForce RTX 5080 AERO OC SFF D7 16GB Gaming Graphics Card,NVIDIA,2891.19,180.699375,USD,New,https://www.ebay.com/itm/256821894966?campid=5339111681,Ebay,,RTX 5080,16
ASUS TUF Gaming TUF-RTX5080-O16G-GAMING NVIDIA GeForce RTX 5080 16 GB GDDR7,NVIDIA,2108.50,131.78125,USD,New,https://www.ebay.com/itm/197758087706?campid=5339111681,Ebay,,RTX 5080,16
PALIT GeForce RTX 5080 GamePro 16GB NE75080019T2-GB2031A GDDR7 30 Gbps NEW,NVIDIA,1974.97,123.435625,USD,New,https://www.ebay.com/itm/187147772007?campid=5339111681,Ebay,,RTX 5080,16
ASUS ProArt -RTX5080-O16G NVIDIA GeForce RTX 5080 16 GB GDDR7,NVIDIA,2278.60,142.4125,USD,New,https://www.ebay.com/itm/197758287486?campid=5339111681,Ebay,,RTX 5080,16
ASUS TUF Gaming TUF-RTX5080-O16G-GAMING NVIDIA GeForce RTX 5080 16 GB GDDR7,NVIDIA,1882.25,117.640625,USD,New,https://www.ebay.com/itm/336013617255?campid=5339111681,Ebay,,RTX 5080,16
emTek GeForce RTX 5080 MIRACLE WHITE D7 16GB Graphics Card Gaming,NVIDIA,2668.00,166.75,USD,New,https://www.ebay.com/itm/235963336704?campid=5339111681,Ebay,,RTX 5080,16
GIGABYTE NVIDIA GeForce RTX 5080 AERO OC SFF D7 16GB Gaming Graphics Card,NVIDIA,2772.00,173.25,USD,New,https://www.ebay.com/itm/235963314524?campid=5339111681,Ebay,,RTX 5080,16
GALAX GALAZ GeForce RTX 5080 WHITE OC D7 16GB Gaming Graphics Card,NVIDIA,2380.98,148.81125,USD,New,https://www.ebay.com/itm/335881916814?campid=5339111681,Ebay,,RTX 5080,16
GALAX GALAZ GeForce RTX 5080 WHITE OC D7 16GB / Gaming Graphics Card / Express,NVIDIA,2381.01,148.813125,USD,New,https://www.ebay.com/itm/357597463675?campid=5339111681,Ebay,,RTX 5080,16
INNO3D GeForce RTX 5070 Ti OC D7 16GB X3 WHITE / Gaming Graphics Card / Express,NVIDIA,1360.73,85.045625,USD,New,https://www.ebay.com/itm/357592284816?campid=5339111681,Ebay,,RTX 5070 Ti,16
GIGABYTE NVIDIA GeForce RTX 5080 AERO OC SFF D7 16GB Gaming Graphics Card,NVIDIA,2891.19,180.699375,USD,New,https://www.ebay.com/itm/256821894966?campid=5339111681,Ebay,,RTX 5080,16
ASUS TUF Gaming TUF-RTX5080-O16G-GAMING NVIDIA GeForce RTX 5080 16 GB GDDR7,NVIDIA,2108.50,131.78125,USD,New,https://www.ebay.com/itm/197758087706?campid=5339111681,Ebay,,RTX 5080,16
PALIT GeForce RTX 5080 GamePro 16GB NE75080019T2-GB2031A GDDR7 30 Gbps NEW,NVIDIA,1974.97,123.435625,USD,New,https://www.ebay.com/itm/187147772007?campid=5339111681,Ebay,,RTX 5080,16
ASUS ProArt -RTX5080-O16G NVIDIA GeForce RTX 5080 16 GB GDDR7,NVIDIA,2278.60,142.4125,USD,New,https://www.ebay.com/itm/197758287486?campid=5339111681,Ebay,,RTX 5080,16
ASUS TUF Gaming TUF-RTX5080-O16G-GAMING NVIDIA GeForce RTX 5080 16 GB GDDR7,NVIDIA,1882.25,117.640625,USD,New,https://www.ebay.com/itm/336013617255?campid=5339111681,Ebay,,RTX 5080,16
emTek GeForce RTX 5080 MIRACLE WHITE D7 16GB Graphics Card Gaming,NVIDIA,2668.00,166.75,USD,New,https://www.ebay.com/itm/235963336704?campid=5339111681,Ebay,,RTX 5080,16
GALAX GALAZ GeForce RTX 5080 WHITE OC D7 16GB Gaming Graphics Card,NVIDIA,2380.98,148.81125,USD,New,https://www.ebay.com/itm/335881916814?campid=5339111681,Ebay,,RTX 5080,16
GALAX GALAZ GeForce RTX 5080 WHITE OC D7 16GB / Gaming Graphics Card / Express,NVIDIA,2381.01,148.813125,USD,New,https://www.ebay.com/itm/357597463675?campid=5339111681,Ebay,,RTX 5080,16
GIGABYTE NVIDIA GeForce RTX 5080 AERO OC SFF D7 16GB Gaming Graphics Card,NVIDIA,2772.00,173.25,USD,New,https://www.ebay.com/itm/235963314524?campid=5339111681,Ebay,,RTX 5080,16
INNO3D GeForce RTX 5070 Ti OC D7 16GB X3 WHITE / Gaming Graphics Card / Express,NVIDIA,1360.73,85.045625,USD,New,https://www.ebay.com/itm/357592284816?campid=5339111681,Ebay,,RTX 5070 Ti,16
GIGABYTE NVIDIA GeForce RTX 5080 AERO OC SFF D7 16GB Gaming Graphics Card,NVIDIA,2891.19,180.699375,USD,New,https://www.ebay.com/itm/256821894966?campid=5339111681,Ebay,,RTX 5080,16
PALIT GeForce RTX 5080 GamePro 16GB NE75080019T2-GB2031A GDDR7 30 Gbps NEW,NVIDIA,1974.97,123.435625,USD,New,https://www.ebay.com/itm/187147772007?campid=5339111681,Ebay,,RTX 5080,16
ASUS TUF Gaming TUF-RTX5080-O16G-GAMING NVIDIA GeForce RTX 5080 16 GB GDDR7,NVIDIA,2108.50,131.78125,USD,New,https://www.ebay.com/itm/197758087706?campid=5339111681,Ebay,,RTX 5080,16
ASUS ProArt -RTX5080-O16G NVIDIA GeForce RTX 5080 16 GB GDDR7,NVIDIA,2278.60,142.4125,USD,New,https://www.ebay.com/itm/197758287486?campid=5339111681,Ebay,,RTX 5080,16
ASUS TUF Gaming TUF-RTX5080-O16G-GAMING NVIDIA GeForce RTX 5080 16 GB GDDR7,NVIDIA,1882.25,117.640625,USD,New,https://www.ebay.com/itm/336013617255?campid=5339111681,Ebay,,RTX 5080,16
emTek GeForce RTX 5080 MIRACLE WHITE D7 16GB Graphics Card Gaming,NVIDIA,2668.00,166.75,USD,New,https://www.ebay.com/itm/235963336704?campid=5339111681,Ebay,,RTX 5080,16
GIGABYTE NVIDIA GeForce RTX 5080 AERO OC SFF D7 16GB Gaming Graphics Card,NVIDIA,2772.00,173.25,USD,New,https://www.ebay.com/itm/235963314524?campid=5339111681,Ebay,,RTX 5080,16
GALAX GALAZ GeForce RTX 5080 WHITE OC D7 16GB Gaming Graphics Card,NVIDIA,2380.98,148.81125,USD,New,https://www.ebay.com/itm/335881916814?campid=5339111681,Ebay,,RTX 5080,16
GALAX GALAZ GeForce RTX 5080 WHITE OC D7 16GB / Gaming Graphics Card / Express,NVIDIA,2381.01,148.813125,USD,New,https://www.ebay.com/itm/357597463675?campid=5339111681,Ebay,,RTX 5080,16
INNO3D GeForce RTX 5070 Ti OC D7 16GB X3 WHITE / Gaming Graphics Card / Express,NVIDIA,1360.73,85.045625,USD,New,https://www.ebay.com/itm/357592284816?campid=5339111681,Ebay,,RTX 5070 Ti,16
GIGABYTE NVIDIA GeForce RTX 5080 AERO OC SFF D7 16GB Gaming Graphics Card,NVIDIA,2891.19,180.699375,USD,New,https://www.ebay.com/itm/256821894966?campid=5339111681,Ebay,,RTX 5080,16
ASUS TUF Gaming TUF-RTX5080-O16G-GAMING NVIDIA GeForce RTX 5080 16 GB GDDR7,NVIDIA,2108.50,131.78125,USD,New,https://www.ebay.com/itm/197758087706?campid=5339111681,Ebay,,RTX 5080,16
PALIT GeForce RTX 5080 GamePro 16GB NE75080019T2-GB2031A GDDR7 30 Gbps NEW,NVIDIA,1974.97,123.435625,USD,New,https://www.ebay.com/itm/187147772007?campid=5339111681,Ebay,,RTX 5080,16
ASUS ProArt -RTX5080-O16G NVIDIA GeForce RTX 5080 16 GB GDDR7,NVIDIA,2278.60,142.4125,USD,New,https://www.ebay.com/itm/197758287486?campid=5339111681,Ebay,,RTX 5080,16
ASUS TUF Gaming TUF-RTX5080-O16G-GAMING NVIDIA GeForce RTX 5080 16 GB GDDR7,NVIDIA,1882.25,117.640625,USD,New,https://www.ebay.com/itm/336013617255?campid=5339111681,Ebay,,RTX 5080,16
emTek GeForce RTX 5080 MIRACLE WHITE D7 16GB Graphics Card Gaming,NVIDIA,2668.00,166.75,USD,New,https://www.ebay.com/itm/235963336704?campid=5339111681,Ebay,,RTX 5080,16
GALAX GALAZ GeForce RTX 5080 WHITE OC D7 16GB Gaming Graphics Card,NVIDIA,2380.98,148.81125,USD,New,https://www.ebay.com/itm/335881916814?campid=5339111681,Ebay,,RTX 5080,16
GALAX GALAZ GeForce RTX 5080 WHITE OC D7 16GB / Gaming Graphics Card / Express,NVIDIA,2381.01,148.813125,USD,New,https://www.ebay.com/itm/357597463675?campid=5339111681,Ebay,,RTX 5080,16
GIGABYTE NVIDIA GeForce RTX 5080 AERO OC SFF D7 16GB Gaming Graphics Card,NVIDIA,2772.00,173.25,USD,New,https://www.ebay.com/itm/235963314524?campid=5339111681,Ebay,,RTX 5080,16
INNO3D GeForce RTX 5070 Ti OC D7 16GB X3 WHITE / Gaming Graphics Card / Express,NVIDIA,1360.73,85.045625,USD,New,https://www.ebay.com/itm/357592284816?campid=5339111681,Ebay,,RTX 5070 Ti,16
GIGABYTE NVIDIA GeForce RTX 5080 AERO OC SFF D7 16GB Gaming Graphics Card,NVIDIA,2891.19,180.699375,USD,New,https://www.ebay.com/itm/256821894966?campid=5339111681,Ebay,,RTX 5080,16
PALIT GeForce RTX 5080 GamePro 16GB NE75080019T2-GB2031A GDDR7 30 Gbps NEW,NVIDIA,1974.97,123.435625,USD,New,https://www.ebay.com/itm/187147772007?campid=5339111681,Ebay,,RTX 5080,16
ASUS TUF Gaming TUF-RTX5080-O16G-GAMING NVIDIA GeForce RTX 5080 16 GB GDDR7,NVIDIA,2108.50,131.78125,USD,New,https://www.ebay.com/itm/197758087706?campid=5339111681,Ebay,,RTX 5080,16
ASUS ProArt -RTX5080-O16G NVIDIA GeForce RTX 5080 16 GB GDDR7,NVIDIA,2278.60,142.4125,USD,New,https://www.ebay.com/itm/197758287486?campid=5339111681,Ebay,,RTX 5080,16
ASUS TUF Gaming TUF-RTX5080-O16G-GAMING NVIDIA GeForce RTX 5080 16 GB GDDR7,NVIDIA,1882.25,117.640625,USD,New,https://www.ebay.com/itm/336013617255?campid=5339111681,Ebay,,RTX 5080,16
GALAX GeForce RTX 5080 BLACK OC D7 16GB / Gaming Graphics Card / Express,NVIDIA,2027.90,126.74375,USD,New,https://www.ebay.com/itm/357606355963?campid=5339111681,Ebay,,RTX 5080,16
emTek GeForce RTX 5080 MIRACLE WHITE D7 16GB Graphics Card Gaming,NVIDIA,2668.00,166.75,USD,New,https://www.ebay.com/itm/235963336704?campid=5339111681,Ebay,,RTX 5080,16
GALAX GALAZ GeForce RTX 5080 WHITE OC D7 16GB / Gaming Graphics Card / Express,NVIDIA,2381.01,148.813125,USD,New,https://www.ebay.com/itm/357597463675?campid=5339111681,Ebay,,RTX 5080,16
INNO3D GeForce RTX 5070 Ti OC D7 16GB X3 WHITE / Gaming Graphics Card / Express,NVIDIA,1360.73,85.045625,USD,New,https://www.ebay.com/itm/357592284816?campid=5339111681,Ebay,,RTX 5070 Ti,16
GIGABYTE NVIDIA GeForce RTX 5080 AERO OC SFF D7 16GB Gaming Graphics Card,NVIDIA,2772.00,173.25,USD,New,https://www.ebay.com/itm/235963314524?campid=5339111681,Ebay,,RTX 5080,16
GIGABYTE NVIDIA GeForce RTX 5080 AERO OC SFF D7 16GB Gaming Graphics Card,NVIDIA,2891.19,180.699375,USD,New,https://www.ebay.com/itm/256821894966?campid=5339111681,Ebay,,RTX 5080,16
ASUS TUF Gaming TUF-RTX5080-O16G-GAMING NVIDIA GeForce RTX 5080 16 GB GDDR7,NVIDIA,2108.50,131.78125,USD,New,https://www.ebay.com/itm/197758087706?campid=5339111681,Ebay,,RTX 5080,16
PALIT GeForce RTX 5080 GamePro 16GB NE75080019T2-GB2031A GDDR7 30 Gbps NEW,NVIDIA,1974.97,123.435625,USD,New,https://www.ebay.com/itm/187147772007?campid=5339111681,Ebay,,RTX 5080,16
ASUS ProArt -RTX5080-O16G NVIDIA GeForce RTX 5080 16 GB GDDR7,NVIDIA,2278.60,142.4125,USD,New,https://www.ebay.com/itm/197758287486?campid=5339111681,Ebay,,RTX 5080,16
ASUS TUF Gaming TUF-RTX5080-O16G-GAMING NVIDIA GeForce RTX 5080 16 GB GDDR7,NVIDIA,1882.25,117.640625,USD,New,https://www.ebay.com/itm/336013617255?campid=5339111681,Ebay,,RTX 5080,16
emTek GeForce RTX 5080 MIRACLE WHITE D7 16GB Graphics Card Gaming,NVIDIA,2668.00,166.75,USD,New,https://www.ebay.com/itm/235963336704?campid=5339111681,Ebay,,RTX 5080,16
GIGABYTE NVIDIA GeForce RTX 5080 AERO OC SFF D7 16GB Gaming Graphics Card,NVIDIA,2772.00,173.25,USD,New,https://www.ebay.com/itm/235963314524?campid=5339111681,Ebay,,RTX 5080,16
GALAX GALAZ GeForce RTX 5080 WHITE OC D7 16GB Gaming Graphics Card,NVIDIA,2380.98,148.81125,USD,New,https://www.ebay.com/itm/335881916814?campid=5339111681,Ebay,,RTX 5080,16
GALAX GALAZ GeForce RTX 5080 WHITE OC D7 16GB / Gaming Graphics Card / Express,NVIDIA,2381.01,148.813125,USD,New,https://www.ebay.com/itm/357597463675?campid=5339111681,Ebay,,RTX 5080,16
INNO3D GeForce RTX 5070 Ti OC D7 16GB X3 WHITE / Gaming Graphics Card / Express,NVIDIA,1360.73,85.045625,USD,New,https://www.ebay.com/itm/357592284816?campid=5339111681,Ebay,,RTX 5070 Ti,16
GIGABYTE NVIDIA GeForce RTX 5080 AERO OC SFF D7 16GB Gaming Graphics Card,NVIDIA,2891.19,180.699375,USD,New,https://www.ebay.com/itm/256821894966?campid=5339111681,Ebay,,RTX 5080,16
ASUS TUF Gaming TUF-RTX5080-O16G-GAMING NVIDIA GeForce RTX 5080 16 GB GDDR7,NVIDIA,2108.50,131.78125,USD,New,https://www.ebay.com/itm/197758087706?campid=5339111681,Ebay,,RTX 5080,16
PALIT GeForce RTX 5080 GamePro 16GB NE75080019T2-GB2031A GDDR7 30 Gbps NEW,NVIDIA,1974.97,123.435625,USD,New,https://www.ebay.com/itm/187147772007?campid=5339111681,Ebay,,RTX 5080,16
ASUS ProArt -RTX5080-O16G NVIDIA GeForce RTX 5080 16 GB GDDR7,NVIDIA,2278.60,142.4125,USD,New,https://www.ebay.com/itm/197758287486?campid=5339111681,Ebay,,RTX 5080,16
ASUS TUF Gaming TUF-RTX5080-O16G-GAMING NVIDIA GeForce RTX 5080 16 GB GDDR7,NVIDIA,1882.25,117.640625,USD,New,https://www.ebay.com/itm/336013617255?campid=5339111681,Ebay,,RTX 5080,16
emTek GeForce RTX 5080 MIRACLE WHITE D7 16GB Graphics Card Gaming,NVIDIA,2668.00,166.75,USD,New,https://www.ebay.com/itm/235963336704?campid=5339111681,Ebay,,RTX 5080,16
GIGABYTE NVIDIA GeForce RTX 5080 AERO OC SFF D7 16GB Gaming Graphics Card,NVIDIA,2772.00,173.25,USD,New,https://www.ebay.com/itm/235963314524?campid=5339111681,Ebay,,RTX 5080,16
GALAX GALAZ GeForce RTX 5080 WHITE OC D7 16GB Gaming Graphics Card,NVIDIA,2380.98,148.81125,USD,New,https://www.ebay.com/itm/335881916814?campid=5339111681,Ebay,,RTX 5080,16
GALAX GALAZ GeForce RTX 5080 WHITE OC D7 16GB / Gaming Graphics Card / Express,NVIDIA,2381.01,148.813125,USD,New,https://www.ebay.com/itm/357597463675?campid=5339111681,Ebay,,RTX 5080,16
INNO3D GeForce RTX 5070 Ti OC D7 16GB X3 WHITE / Gaming Graphics Card / Express,NVIDIA,1360.73,85.045625,USD,New,https://www.ebay.com/itm/357592284816?campid=5339111681,Ebay,,RTX 5070 Ti,16
GIGABYTE NVIDIA GeForce RTX 5080 AERO OC SFF D7 16GB Gaming Graphics Card,NVIDIA,2891.19,180.699375,USD,New,https://www.ebay.com/itm/256821894966?campid=5339111681,Ebay,,RTX 5080,16
ASUS TUF Gaming TUF-RTX5080-O16G-GAMING NVIDIA GeForce RTX 5080 16 GB GDDR7,NVIDIA,2108.50,131.78125,USD,New,https://www.ebay.com/itm/197758087706?campid=5339111681,Ebay,,RTX 5080,16
PALIT GeForce RTX 5080 GamePro 16GB NE75080019T2-GB2031A GDDR7 30 Gbps NEW,NVIDIA,1974.97,123.435625,USD,New,https://www.ebay.com/itm/187147772007?campid=5339111681,Ebay,,RTX 5080,16
ASUS ProArt -RTX5080-O16G NVIDIA GeForce RTX 5080 16 GB GDDR7,NVIDIA,2278.60,142.4125,USD,New,https://www.ebay.com/itm/197758287486?campid=5339111681,Ebay,,RTX 5080,16
ASUS TUF Gaming TUF-RTX5080-O16G-GAMING NVIDIA GeForce RTX 5080 16 GB GDDR7,NVIDIA,1882.25,117.640625,USD,New,https://www.ebay.com/itm/336013617255?campid=5339111681,Ebay,,RTX 5080,16
emTek GeForce RTX 5080 MIRACLE WHITE D7 16GB Graphics Card Gaming,NVIDIA,2668.00,166.75,USD,New,https://www.ebay.com/itm/235963336704?campid=5339111681,Ebay,,RTX 5080,16
GIGABYTE NVIDIA GeForce RTX 5080 AERO OC SFF D7 16GB Gaming Graphics Card,NVIDIA,2772.00,173.25,USD,New,https://www.ebay.com/itm/235963314524?campid=5339111681,Ebay,,RTX 5080,16
GALAX GALAZ GeForce RTX 5080 WHITE OC D7 16GB Gaming Graphics Card,NVIDIA,2380.98,148.81125,USD,New,https://www.ebay.com/itm/335881916814?campid=5339111681,Ebay,,RTX 5080,16
GALAX GALAZ GeForce RTX 5080 WHITE OC D7 16GB / Gaming Graphics Card / Express,NVIDIA,2381.01,148.813125,USD,New,https://www.ebay.com/itm/357597463675?campid=5339111681,Ebay,,RTX 5080,16
INNO3D GeForce RTX 5070 Ti OC D7 16GB X3 WHITE / Gaming Graphics Card / Express,NVIDIA,1360.73,85.045625,USD,New,https://www.ebay.com/itm/357592284816?campid=5339111681,Ebay,,RTX 5070 Ti,16
GIGABYTE NVIDIA GeForce RTX 5080 AERO OC SFF D7 16GB Gaming Graphics Card,NVIDIA,2891.19,180.699375,USD,New,https://www.ebay.com/itm/256821894966?campid=5339111681,Ebay,,RTX 5080,16
ASUS TUF Gaming TUF-RTX5080-O16G-GAMING NVIDIA GeForce RTX 5080 16 GB GDDR7,NVIDIA,2108.50,131.78125,USD,New,https://www.ebay.com/itm/197758087706?campid=5339111681,Ebay,,RTX 5080,16
PALIT GeForce RTX 5080 GamePro 16GB NE75080019T2-GB2031A GDDR7 30 Gbps NEW,NVIDIA,1974.97,123.435625,USD,New,https://www.ebay.com/itm/187147772007?campid=5339111681,Ebay,,RTX 5080,16
ASUS ProArt -RTX5080-O16G NVIDIA GeForce RTX 5080 16 GB GDDR7,NVIDIA,2278.60,142.4125,USD,New,https://www.ebay.com/itm/197758287486?campid=5339111681,Ebay,,RTX 5080,16
ASUS TUF Gaming TUF-RTX5080-O16G-GAMING NVIDIA GeForce RTX 5080 16 GB GDDR7,NVIDIA,1882.25,117.640625,USD,New,https://www.ebay.com/itm/336013617255?campid=5339111681,Ebay,,RTX 5080,16
emTek GeForce RTX 5080 MIRACLE WHITE D7 16GB Graphics Card Gaming,NVIDIA,2668.00,166.75,USD,New,https://www.ebay.com/itm/235963336704?campid=5339111681,Ebay,,RTX 5080,16
PALIT GeForce RTX 5080 GamePro 16GB NE75080019T2-GB2031A GDDR7 30 Gbps NEW,NVIDIA,1974.97,123.435625,USD,New,https://www.ebay.com/itm/187147772007?campid=5339111681,Ebay,,RTX 5080,16
GALAX GALAZ GeForce RTX 5080 WHITE OC D7 16GB Gaming Graphics Card,NVIDIA,2380.98,148.81125,USD,New,https://www.ebay.com/itm/335881916814?campid=5339111681,Ebay,,RTX 5080,16
GALAX GALAZ GeForce RTX 5080 WHITE OC D7 16GB / Gaming Graphics Card / Express,NVIDIA,2381.01,148.813125,USD,New,https://www.ebay.com/itm/357597463675?campid=5339111681,Ebay,,RTX 5080,16
GIGABYTE NVIDIA GeForce RTX 5080 AERO OC SFF D7 16GB Gaming Graphics Card,NVIDIA,2772.00,173.25,USD,New,https://www.ebay.com/itm/235963314524?campid=5339111681,Ebay,,RTX 5080,16
INNO3D GeForce RTX 5070 Ti OC D7 16GB X3 WHITE / Gaming Graphics Card / Express,NVIDIA,1360.73,85.045625,USD,New,https://www.ebay.com/itm/357592284816?campid=5339111681,Ebay,,RTX 5070 Ti,16
GIGABYTE NVIDIA GeForce RTX 5080 AERO OC SFF D7 16GB Gaming Graphics Card,NVIDIA,2891.19,180.699375,USD,New,https://www.ebay.com/itm/256821894966?campid=5339111681,Ebay,,RTX 5080,16
ASUS TUF Gaming TUF-RTX5080-O16G-GAMING NVIDIA GeForce RTX 5080 16 GB GDDR7,NVIDIA,2108.50,131.78125,USD,New,https://www.ebay.com/itm/197758087706?campid=5339111681,Ebay,,RTX 5080,16
ASUS ProArt -RTX5080-O16G NVIDIA GeForce RTX 5080 16 GB GDDR7,NVIDIA,2278.60,142.4125,USD,New,https://www.ebay.com/itm/197758287486?campid=5339111681,Ebay,,RTX 5080,16
ASUS TUF Gaming TUF-RTX5080-O16G-GAMING NVIDIA GeForce RTX 5080 16 GB GDDR7,NVIDIA,1882.25,117.640625,USD,New,https://www.ebay.com/itm/336013617255?campid=5339111681,Ebay,,RTX 5080,16
emTek GeForce RTX 5080 MIRACLE WHITE D7 16GB Graphics Card Gaming,NVIDIA,2668.00,166.75,USD,New,https://www.ebay.com/itm/235963336704?campid=5339111681,Ebay,,RTX 5080,16
GALAX GALAZ GeForce RTX 5080 WHITE OC D7 16GB Gaming Graphics Card,NVIDIA,2380.98,148.81125,USD,New,https://www.ebay.com/itm/335881916814?campid=5339111681,Ebay,,RTX 5080,16
GALAX GALAZ GeForce RTX 5080 WHITE OC D7 16GB / Gaming Graphics Card / Express,NVIDIA,2381.01,148.813125,USD,New,https://www.ebay.com/itm/357597463675?campid=5339111681,Ebay,,RTX 5080,16
GIGABYTE NVIDIA GeForce RTX 5080 AERO OC SFF D7 16GB Gaming Graphics Card,NVIDIA,2772.00,173.25,USD,New,https://www.ebay.com/itm/235963314524?campid=5339111681,Ebay,,RTX 5080,16
INNO3D GeForce RTX 5070 Ti OC D7 16GB X3 WHITE / Gaming Graphics Card / Express,NVIDIA,1360.73,85.045625,USD,New,https://www.ebay.com/itm/357592284816?campid=5339111681,Ebay,,RTX 5070 Ti,16
GIGABYTE NVIDIA GeForce RTX 5080 AERO OC SFF D7 16GB Gaming Graphics Card,NVIDIA,2891.19,180.699375,USD,New,https://www.ebay.com/itm/256821894966?campid=5339111681,Ebay,,RTX 5080,16
PALIT GeForce RTX 5080 GamePro 16GB NE75080019T2-GB2031A GDDR7 30 Gbps NEW,NVIDIA,1974.97,123.435625,USD,New,https://www.ebay.com/itm/187147772007?campid=5339111681,Ebay,,RTX 5080,16
ASUS TUF Gaming TUF-RTX5080-O16G-GAMING NVIDIA GeForce RTX 5080 16 GB GDDR7,NVIDIA,2108.50,131.78125,USD,New,https://www.ebay.com/itm/197758087706?campid=5339111681,Ebay,,RTX 5080,16
ASUS ProArt -RTX5080-O16G NVIDIA GeForce RTX 5080 16 GB GDDR7,NVIDIA,2278.60,142.4125,USD,New,https://www.ebay.com/itm/197758287486?campid=5339111681,Ebay,,RTX 5080,16
ASUS TUF Gaming TUF-RTX5080-O16G-GAMING NVIDIA GeForce RTX 5080 16 GB GDDR7,NVIDIA,1882.25,117.640625,USD,New,https://www.ebay.com/itm/336013617255?campid=5339111681,Ebay,,RTX 5080,16
GALAX GeForce RTX 5080 BLACK OC D7 16GB / Gaming Graphics Card / Express,NVIDIA,2027.90,126.74375,USD,New,https://www.ebay.com/itm/357606355963?campid=5339111681,Ebay,,RTX 5080,16
emTek GeForce RTX 5080 MIRACLE WHITE D7 16GB Graphics Card Gaming,NVIDIA,2668.00,166.75,USD,New,https://www.ebay.com/itm/235963336704?campid=5339111681,Ebay,,RTX 5080,16
GALAX GALAZ GeForce RTX 5080 WHITE OC D7 16GB / Gaming Graphics Card / Express,NVIDIA,2381.01,148.813125,USD,New,https://www.ebay.com/itm/357597463675?campid=5339111681,Ebay,,RTX 5080,16
GIGABYTE NVIDIA GeForce RTX 5080 AERO OC SFF D7 16GB Gaming Graphics Card,NVIDIA,2772.00,173.25,USD,New,https://www.ebay.com/itm/235963314524?campid=5339111681,Ebay,,RTX 5080,16
INNO3D GeForce RTX 5070 Ti OC D7 16GB X3 WHITE / Gaming Graphics Card / Express,NVIDIA,1360.73,85.045625,USD,New,https://www.ebay.com/itm/357592284816?campid=5339111681,Ebay,,RTX 5070 Ti,16
GIGABYTE NVIDIA GeForce RTX 5080 AERO OC SFF D7 16GB Gaming Graphics Card,NVIDIA,2891.19,180.699375,USD,New,https://www.ebay.com/itm/256821894966?campid=5339111681,Ebay,,RTX 5080,16
